//4-2-60

0	17.00		0.135650		0.321971	100
1	14.00		0.234943		0.413242	100
2	12.00		0.231395		0.438732	100
3	16.00		0.323590		0.599863	100

//4-2-90
0	33.00		0.252260		0.450550	100
1	32.00		0.357848		0.544325	100
2	25.00		0.448029		0.639217	100
3	17.00		0.520079		0.807089	100

//8-4-10 
0	 0.00		0.005644		0.056347	100
1	 0.00		0.013106		0.065636	100
2	 0.00		0.013788		0.069487	100
3	 0.00		0.015826		0.078621	100
4	 0.00		0.015647		0.083222	100
5	 1.00		0.010921		0.074718	100
6	 1.00		0.010383		0.064974	100
7	 0.00		0.009456		0.068860	100

//8-4-30
0	 0.00		0.052142		0.205920	100
1	 3.00		0.050279		0.205415	100
2	 1.00		0.103990		0.268398	100
3	 0.00		0.111746		0.252704	100
4	 1.00		0.089795		0.301328	100
5	 2.00		0.080764		0.237009	100
6	 2.00		0.107968		0.242542	100
7	 2.00		0.117257		0.270009	100

//8-6-60
0	 6.00		0.350179		0.775146	100
1	11.00		0.551796		0.914729	100
2	 4.00		0.527169		0.969823	100
3	 6.00		0.477946		0.875831	100
4	 5.00		0.579547		0.967656	100
5	 2.17		0.611735		1.072603	92
6	10.00		0.577728		0.964870	100
7	10.00		0.629787		1.035551	100

//8-6-90

0	22.00		0.838169		1.155782	100
1	19.00		0.868680		1.188633	100
2	16.00		1.124190		1.608117	100
3	16.00		1.064394		1.588874	100
4	16.00		1.526887		1.983521	100
5	15.22		1.166162		1.569262	92
6	22.00		1.245931		1.638617	100
7	15.00		1.318819		1.617149	100

