//2-2-10
0	 1.00		0.001997		0.646668	100
1	 0.00		0.001973		0.140138	100
----------Overall------------
overall	 0.50		0.001985		0.393403	200

//2-2-30
0	 1.00		0.002923		1.882545	100
1	 0.00		0.001971		1.028297	100
----------Overall------------
overall	 0.50		0.002447		1.455421	200
//2-2-60
0	 1.00		0.002977		7.499922	100
1	 0.00		0.003008		7.169626	100
----------Overall------------
overall	 0.50		0.002993		7.334774	200

//2-2-90
0	20.00		0.002664		30.262822	95
1	24.00		0.002287		31.405129	100
----------Overall------------
overall	22.05		0.002471		30.848620	195
//4-2-10
0	 0.00		0.001863		1.104829	100
1	 0.00		0.001968		0.927736	100
2	 0.00		0.001998		0.589445	100
3	 1.00		0.001981		2.064378	100
----------Overall------------
overall	 0.25		0.001952		1.171597	400
//4-2-30
0	 0.00		0.002701		0.922630	100
1	 0.00		0.002107		0.360929	100
2	 0.00		0.003169		1.057171	100
3	 1.00		0.002787		2.130365	100
----------Overall------------
overall	 0.25		0.002691		1.117774	400

//4-2-90
0	15.15		0.003053		16.865052	99
1	17.00		0.003366		18.510732	100
2	 6.74		0.002359		10.640893	89
3	 8.43		0.002959		8.911168	83
----------Overall------------
overall	12.13		0.002950		14.036064	371


//8-6-90
0	 1.03		0.005306		30.673285	97
1	 3.00		0.005187		35.600379	100
2	 0.00		0.006176		30.525884	87
3	 0.00		0.006621		16.975474	80
4	 0.00		0.005887		28.152743	84
5	 0.00		0.005879		17.795562	81
6	 3.00		0.005744		42.968436	100
7	 0.00		0.005580		18.514279	84
----------Overall------------
overall	 0.98		0.005770		28.341445	713
//8-4--30
0	 0.00		0.003443		0.219841	100
1	 0.00		0.003937		1.328010	100
2	 0.00		0.003861		1.790694	100
3	 0.00		0.003809		0.324538	100
4	 0.00		0.004186		3.963584	100
5	 1.00		0.005072		3.297929	100
6	 0.00		0.003777		0.277291	100
7	 0.00		0.003542		3.400090	100
----------Overall------------
overall	 0.12		0.003953		1.825247	800

